Instance=instances/TC40-1.TXT Capacity=10 
Solution edges= (1, 26), (2, 41), (3, 14), (4, 41), (5, 25), (6, 5), (7, 11), (8, 24), (9, 27), (10, 30), (11, 33), (12, 36), (13, 10), (14, 6), (15, 2), (16, 35), (17, 8), (18, 16), (19, 33), (20, 2), (21, 20), (22, 30), (23, 7), (24, 32), (25, 29), (26, 41), (27, 38), (28, 40), (29, 19), (30, 20), (31, 13), (32, 22), (33, 21), (34, 23), (35, 33), (36, 9), (37, 41), (38, 24), (39, 3), (40, 41), 
Solution Cost=524 LB=476 UB= 1607 Time=0.001625
Instance=instances/TC40-2.TXT Capacity=10 
Solution edges= (1, 10), (2, 18), (3, 9), (4, 29), (5, 12), (6, 32), (7, 31), (8, 41), (9, 24), (10, 41), (11, 20), (12, 33), (13, 38), (14, 41), (15, 41), (16, 7), (17, 41), (18, 32), (19, 36), (20, 8), (21, 41), (22, 34), (23, 40), (24, 13), (25, 6), (26, 14), (27, 37), (28, 25), (29, 13), (30, 24), (31, 26), (32, 16), (33, 26), (34, 2), (35, 5), (36, 41), (37, 7), (38, 36), (39, 12), (40, 33), 
Solution Cost=652 LB=460 UB= 1511 Time=0.001379
Instance=instances/TC40-3.TXT Capacity=10 
Solution edges= (1, 8), (2, 18), (3, 24), (4, 37), (5, 41), (6, 24), (7, 22), (8, 41), (9, 19), (10, 41), (11, 38), (12, 39), (13, 3), (14, 17), (15, 20), (16, 1), (17, 16), (18, 25), (19, 21), (20, 5), (21, 41), (22, 26), (23, 21), (24, 35), (25, 40), (26, 34), (27, 32), (28, 33), (29, 6), (30, 41), (31, 19), (32, 3), (33, 29), (34, 41), (35, 31), (36, 15), (37, 2), (38, 36), (39, 23), (40, 9), 
Solution Cost=543 LB=470 UB= 1480 Time=0.001527
Instance=instances/TC40-4.TXT Capacity=10 
Solution edges= (1, 34), (2, 15), (3, 8), (4, 38), (5, 27), (6, 16), (7, 38), (8, 39), (9, 41), (10, 32), (11, 41), (12, 23), (13, 33), (14, 30), (15, 5), (16, 29), (17, 12), (18, 4), (19, 36), (20, 3), (21, 31), (22, 41), (23, 31), (24, 10), (25, 40), (26, 3), (27, 40), (28, 37), (29, 10), (30, 19), (31, 14), (32, 26), (33, 2), (34, 41), (35, 41), (36, 25), (37, 41), (38, 13), (39, 41), (40, 22), 
Solution Cost=629 LB=480 UB= 1666 Time=0.001596
Instance=instances/TC40-5.TXT Capacity=10 
Solution edges= (1, 41), (2, 39), (3, 17), (4, 7), (5, 41), (6, 20), (7, 29), (8, 28), (9, 38), (10, 40), (11, 41), (12, 10), (13, 11), (14, 12), (15, 30), (16, 15), (17, 14), (18, 21), (19, 36), (20, 32), (21, 2), (22, 41), (23, 8), (24, 34), (25, 41), (26, 12), (27, 34), (28, 41), (29, 33), (30, 18), (31, 37), (32, 35), (33, 6), (34, 13), (35, 13), (36, 16), (37, 23), (38, 34), (39, 25), (40, 41), 
Solution Cost=522 LB=478 UB= 1531 Time=0.001477
Instance=instances/TC80-1.TXT Capacity=10 
Solution edges= (1, 18), (2, 75), (3, 57), (4, 67), (5, 78), (6, 67), (7, 57), (8, 37), (9, 19), (10, 44), (11, 81), (12, 48), (13, 5), (14, 42), (15, 78), (16, 81), (17, 23), (18, 81), (19, 21), (20, 77), (21, 57), (22, 68), (23, 78), (24, 65), (25, 9), (26, 34), (27, 17), (28, 66), (29, 76), (30, 75), (31, 81), (32, 75), (33, 81), (34, 79), (35, 52), (36, 81), (37, 50), (38, 81), (39, 62), (40, 72), (41, 81), (42, 28), (43, 61), (44, 40), (45, 81), (46, 55), (47, 81), (48, 34), (49, 2), (50, 71), (51, 36), (52, 70), (53, 30), (54, 51), (55, 64), (56, 43), (57, 52), (58, 65), (59, 6), (60, 63), (61, 7), (62, 6), (63, 49), (64, 81), (65, 28), (66, 60), (67, 23), (68, 55), (69, 72), (70, 81), (71, 68), (72, 81), (73, 77), (74, 32), (75, 43), (76, 63), (77, 26), (78, 47), (79, 9), (80, 51), 
Solution Cost=1125 LB=830 UB= 3332 Time=0.018042
Instance=instances/TE40-1.TXT Capacity=10 
Solution edges= (1, 6), (2, 13), (3, 19), (4, 12), (5, 30), (6, 41), (7, 35), (8, 20), (9, 41), (10, 39), (11, 33), (12, 30), (13, 7), (14, 41), (15, 27), (16, 11), (17, 37), (18, 17), (19, 27), (20, 41), (21, 41), (22, 20), (23, 38), (24, 38), (25, 8), (26, 3), (27, 16), (28, 34), (29, 39), (30, 28), (31, 39), (32, 41), (33, 25), (34, 36), (35, 40), (36, 32), (37, 22), (38, 26), (39, 32), (40, 15), 
Solution Cost=743 LB=496 UB= 2915 Time=0.001385
Instance=instances/TE40-2.TXT Capacity=10 
Solution edges= (1, 27), (2, 21), (3, 15), (4, 41), (5, 26), (6, 5), (7, 41), (8, 24), (9, 25), (10, 28), (11, 31), (12, 8), (13, 41), (14, 11), (15, 6), (16, 31), (17, 36), (18, 9), (19, 17), (20, 34), (21, 22), (22, 34), (23, 31), (24, 35), (25, 33), (26, 30), (27, 41), (28, 39), (29, 38), (30, 20), (31, 21), (32, 14), (33, 23), (34, 12), (35, 41), (36, 34), (37, 10), (38, 41), (39, 25), (40, 3), 
Solution Cost=848 LB=484 UB= 2677 Time=0.001541
Instance=instances/TE40-3.TXT Capacity=10 
Solution edges= (1, 8), (2, 14), (3, 41), (4, 36), (5, 11), (6, 30), (7, 14), (8, 41), (9, 18), (10, 12), (11, 26), (12, 3), (13, 22), (14, 34), (15, 40), (16, 27), (17, 23), (18, 41), (19, 10), (20, 41), (21, 38), (22, 10), (23, 10), (24, 17), (25, 32), (26, 15), (27, 32), (28, 18), (29, 41), (30, 15), (31, 26), (32, 9), (33, 41), (34, 27), (35, 16), (36, 24), (37, 7), (38, 35), (39, 28), (40, 38), 
Solution Cost=762 LB=452 UB= 2758 Time=0.001495
Instance=instances/TE40-4.TXT Capacity=10 
Solution edges= (1, 6), (2, 41), (3, 4), (4, 21), (5, 17), (6, 41), (7, 22), (8, 39), (9, 23), (10, 8), (11, 41), (12, 32), (13, 4), (14, 5), (15, 19), (16, 4), (17, 15), (18, 16), (19, 3), (20, 35), (21, 29), (22, 10), (23, 34), (24, 41), (25, 9), (26, 23), (27, 36), (28, 35), (29, 28), (30, 19), (31, 7), (32, 17), (33, 37), (34, 20), (35, 27), (36, 41), (37, 40), (38, 41), (39, 13), (40, 10), 
Solution Cost=942 LB=496 UB= 2747 Time=0.001335
Instance=instances/TE40-5.TXT Capacity=10 
Solution edges= (1, 32), (2, 29), (3, 21), (4, 8), (5, 12), (6, 22), (7, 27), (8, 40), (9, 37), (10, 41), (11, 2), (12, 14), (13, 38), (14, 17), (15, 39), (16, 4), (17, 7), (18, 3), (19, 24), (20, 5), (21, 20), (22, 28), (23, 34), (24, 9), (25, 23), (26, 25), (27, 41), (28, 41), (29, 37), (30, 35), (31, 41), (32, 41), (33, 35), (34, 38), (35, 7), (36, 41), (37, 12), (38, 27), (39, 19), (40, 6), 
Solution Cost=593 LB=470 UB= 2711 Time=0.001547
Instance=instances/TE80-1.TXT Capacity=10 
Solution edges= (1, 53), (2, 75), (3, 43), (4, 22), (5, 71), (6, 74), (7, 42), (8, 65), (9, 81), (10, 62), (11, 4), (12, 63), (13, 67), (14, 37), (15, 40), (16, 46), (17, 7), (18, 81), (19, 63), (20, 37), (21, 73), (22, 55), (23, 11), (24, 42), (25, 7), (26, 20), (27, 58), (28, 64), (29, 81), (30, 14), (31, 10), (32, 5), (33, 67), (34, 49), (35, 47), (36, 68), (37, 81), (38, 79), (39, 34), (40, 39), (41, 81), (42, 16), (43, 66), (44, 51), (45, 21), (46, 47), (47, 55), (48, 71), (49, 28), (50, 3), (51, 48), (52, 69), (53, 81), (54, 81), (55, 52), (56, 81), (57, 81), (58, 76), (59, 10), (60, 78), (61, 11), (62, 26), (63, 59), (64, 36), (65, 81), (66, 21), (67, 19), (68, 72), (69, 58), (70, 64), (71, 15), (72, 46), (73, 65), (74, 34), (75, 31), (76, 29), (77, 81), (78, 2), (79, 14), (80, 61), 
Solution Cost=2321 LB=1142 UB= 9941 Time=0.018758
